00
00
00
00
00
00
00
00
00
00
00
00
00
00
00
00
00
00
00
00
00
00
00
00
00
00
00
00
00
00
00
00
00
00
00
00
00
00
00
00
00
00
00
00
00
00
00
00
00
00
00
00
00
00
00
00
00
00
00
00
00
00
00
00
00
00
00
00
00
00
00
00
00
00
00
00
00
00
00
00
00
00
00
00
00
00
00
00
00
00
00
00
00
00
00
00
00
00
00
00
00
00
00
00
00
00
00
00
00
00
00
00
00
00
00
00
00
00
00
00
00
00
00
00
00
00
00
00
00
00
00
00
00
00
00
00
00
00
00
00
00
00
00
00
00
00
00
00
00
00
00
00
00
00
00
00
00
00
00
00
00
00
00
00
00
00
00
00
00
00
00
00
00
00
00
00
00
00
00
00
00
00
00
00
00
00
00
00
00
00
00
00
00
00
00
00
00
00
00
00
00
00
00
00
00
00
00
00
00
00
00
00
00
00
00
00
00
00
00
00
00
00
00
00
00
00
00
00
00
00
00
00
00
00
00
00
00
00
00
00
00
00
00
00
00
00
00
00
00
00
00
00
00
00
00
00
00
00
00
00
00
00
00
00
00
00
00
00
00
00
00
00
00
00
00
00
00
00
00
00
00
00
00
00
00
00
00
00
00
00
00
00
00
00
00
00
00
00
00
00
00
00
00
00
00
00
00
00
00
00
00
00
00
00
00
00
00
00
00
00
00
00
00
00
00
00
00
00
00
00
00
00
00
00
00
00
00
00
00
00
00
00
00
00
00
00
00
00
00
00
00
00
00
00
00
00
00
00
00
00
00
00
00
00
00
00
00
00
00
00
00
00
00
00
00
00
00
00
00
00
00
00
00
00
00
00
00
00
00
00
00
00
00
00
00
00
00
00
00
00
00
00
00
00
00
00
00
00
00
00
00
00
00
00
00
00
00
00
00
00
00
00
00
00
00
00
00
00
00
00
00
00
00
00
00
00
00
00
00
00
00
00
00
00
00
00
00
00
00
00
00
00
00
00
00
00
00
00
00
00
00
00
00
00
00
00
00
00
00
00
00
00
00
00
00
00
00
00
00
00
00
00
00
00
00
00
00
00
00
00
00
00
00
00
00
00
00
00
00
00
00
00
00
00
00
00
00
00
00
00
00
00
10
18
10
7f
00
02
0f
7e
10
96
00
00
00
00
00
fe
10
94
82
00
00
00
fe
6f
25
00
f8
00
00
00
00
00
00
00
02
02
02
02
02
02
02
02
05
05
05
05
05
05
05
05
07
07
07
07
07
07
07
07
34
34
01
00
68
00
71
00
00
00
01
01
01
01
02
02
02
02
03
03
03
03
04
04
04
04
05
05
05
05
06
06
06
06
07
07
07
07
08
30
00
00
ff
00
01
00
00
01
00
fe
00
02
fe
00
01
02
00
fa
04
04
06
fa
00
fa
fa
fa
fa
fc
fc
fc
fa
00
10
19
7a
fa
10
19
33
10
19
00
10
19
00
10
19
01
fc
fa
fa
7a
fc
00
f4
fc
00
10
19
0a
00
12
10
19
1f
fe
fb
fc
00
00
00
3f
00
05
05
06
00
ff
00
00
01
ec
40
10
19
53
21
10
00
00
00
00
00
ed
10
00
00
00
00
eb
10
01
00
00
00
ea
00
ff
00
01
03
00
00
01
00
fe
00
02
fe
fe
fe
00
fe
00
00
01
02
00
fe
00
02
fe
fe
00
01
02
00
fe
00
00
02
fe
fe
fe
fe
fe
f8
00
fe
00
00
01
01
02
00
fe
00
00
02
fe
fe
fe
fe
f4
00
00
00
01
01
02
00
fd
02
02
02
03
fc
fc
fc
fe
04
fe
00
fd
00
fd
f1
00
fe
00
00
00
00
fe
00
fe
fe
fd
fa
00
00
02
02
02
03
00
fd
02
02
03
fc
fc
fc
fe
03
fd
ea
00
fe
00
00
fd
fe
00
00
fe
00
fe
fe
fd
fc
00
00
02
02
03
00
fd
02
02
03
fc
fc
fe
02
fd
e2
00
fe
00
00
00
fe
00
fe
fe
fd
fc
00
00
02
02
03
00
fd
02
02
03
10
18
00
00
60
00
60
fe
fe
07
fe
00
fe
fe
05
fe
00
fe
00
fe
00
fc
fd
d7
00
00
10
18
00
10
18
fe
00
fe
fe
00
fa
fe
00
fe
fe
07
f8
10
18
00
10
18
00
02
02
03
00
fe
00
02
fe
01
00
fe
00
fe
fe
7f
fe
00
00
01
02
00
ff
00
00
01
c5
ec
c4
fa
00
00
00
01
00
ff
00
00
01
c2
e9
c1
f6
00
00
00
01
00
fe
00
02
fe
fe
00
02
fe
00
02
fe
00
fe
00
00
01
60
01
60
01
60
00
60
00
01
02
00
fd
02
02
03
fc
fd
01
fe
00
00
13
fe
fd
00
fe
fd
00
fe
fd
00
fe
fd
00
00
02
02
03
00
fe
00
00
02
fe
fe
fe
fe
00
fe
00
10
18
10
18
fe
f5
00
01
01
02
00
fd
02
03
fc
fe
06
10
02
fe
00
00
40
00
00
00
fd
02
fe
00
00
40
00
10
02
00
02
fe
00
fe
fe
00
f8
00
00
02
03
00
fd
02
03
fc
00
fc
fd
00
02
60
fe
60
10
fe
60
40
fe
60
80
fe
03
60
fe
60
10
fe
60
40
fe
60
80
fe
fd
fe
fe
fe
fe
00
00
00
00
fd
02
03
00
fe
00
00
02
fe
00
fe
fe
00
0f
fe
00
fe
db
00
01
01
02
00
fc
02
02
04
fc
fc
fc
fc
fc
fc
fd
e4
fe
fd
fd
00
fd
fd
00
fd
fd
00
fd
cd
00
fd
00
fd
fc
00
fd
fc
00
fe
02
fd
00
fd
00
fd
00
02
fe
00
fd
00
fe
01
fd
00
03
03
04
00
fe
00
00
02
fe
fe
00
fe
01
00
00
a3
00
01
01
02
00
fd
02
02
03
fc
fc
fd
00
00
84
fe
fd
00
fe
00
fe
00
fd
00
00
fe
00
fd
00
00
fe
00
fd
00
00
fe
01
fd
01
00
fe
01
fd
01
00
fe
01
fd
01
00
fe
01
fd
01
00
fd
ef
ae
00
00
fd
fb
00
00
fd
fa
fd
00
00
00
fd
f8
fd
00
00
01
fd
f7
00
01
fd
f6
00
00
fd
f5
00
00
02
02
03
00
fd
02
02
03
fc
fc
03
00
fd
f5
fe
fe
00
00
ff
02
fe
00
00
00
01
fd
ff
fc
fa
ff
00
02
02
03
00
ff
00
00
01
03
10
09
60
f2
00
10
15
60
f0
00
10
16
60
ef
99
00
00
00
01
00
fd
02
02
03
fc
fc
fd
af
fe
fe
10
fd
00
0a
fd
00
0c
fd
00
fd
00
02
0b
fd
00
00
dc
00
02
10
00
0b
fd
00
00
da
00
00
00
00
fd
00
00
d8
00
00
00
00
00
fd
00
00
d6
00
00
00
00
00
04
fd
00
fe
00
10
00
00
e6
02
fd
00
fe
00
00
00
eb
00
00
02
02
03
00
fd
02
02
03
fc
fc
fc
fd
01
fe
fe
fd
00
fd
fe
82
fe
04
fd
00
00
c9
00
fe
00
00
fe
00
fd
00
00
00
fe
00
fe
fe
fe
fa
00
00
02
02
03
00
ff
00
01
00
86
30
00
88
30
00
00
01
00
fe
00
00
02
fe
fe
fe
80
00
04
fe
80
00
04
fe
80
00
00
fe
80
00
00
02
00
00
02
00
00
01
00
00
00
00
00
01
01
02
00
fe
00
02
fe
fe
00
5f
00
5f
45
00
53
49
00
00
00
00
00
00
00
00
00
00
00
00
00
00
00
00
00
00
00
00
00
00
00
00
00
00
00
00
00
00
01
00
00
02
00
00
03
00
00
04
00
00
05
00
00
06
00
00
07
00
00
08
00
00
09
00
00
0a
00
00
0b
00
00
0c
00
00
0d
00
00
0e
00
00
0f
00
00
10
00
00
00
00
00
00
00
00
00
00
00
00
00
00
00
