00
00
00
00
00
00
00
00
00
00
00
00
00
00
00
00
00
00
00
00
00
00
00
00
00
00
00
00
00
00
00
00
00
00
00
00
00
00
00
00
00
00
00
00
00
00
00
00
00
00
00
00
00
00
00
00
00
00
00
00
00
00
00
00
00
00
00
00
00
00
00
00
00
00
00
00
00
00
00
00
00
00
00
00
00
00
00
00
00
00
00
00
00
00
00
00
00
00
00
00
00
00
00
00
00
00
00
00
00
00
00
00
00
00
00
00
00
00
00
00
00
00
00
00
00
00
00
00
00
00
00
00
00
00
00
00
00
00
00
00
00
00
00
00
00
00
00
00
00
00
00
00
00
00
00
00
00
00
00
00
00
00
00
00
00
00
00
00
00
00
00
00
00
00
00
00
00
00
00
00
00
00
00
00
00
00
00
00
00
00
00
00
00
00
00
00
00
00
00
00
00
00
00
00
00
00
00
00
00
00
00
00
00
00
00
00
00
00
00
00
00
00
00
00
00
00
00
00
00
00
00
00
00
00
00
00
00
00
00
00
00
00
00
00
00
00
00
00
00
00
00
00
00
00
00
00
00
00
00
00
00
00
00
00
00
00
00
00
00
00
00
00
00
00
00
00
00
00
00
00
00
00
00
00
00
00
00
00
00
00
00
00
00
00
00
00
00
00
00
00
00
00
00
00
00
00
00
00
00
00
00
00
00
00
00
00
00
00
00
00
00
00
00
00
00
00
00
00
00
00
00
00
00
00
00
00
00
00
00
00
00
00
00
00
00
00
00
00
00
00
00
00
00
00
00
00
00
00
00
00
00
00
00
00
00
00
00
00
00
00
00
00
00
00
00
00
00
00
00
00
00
00
00
00
00
00
00
00
00
00
00
00
00
00
00
00
00
00
00
00
00
00
00
00
00
00
00
00
00
00
00
00
00
00
00
00
00
00
00
00
00
00
00
00
00
00
00
00
00
00
00
00
00
00
00
00
00
00
00
00
00
00
00
00
00
00
00
00
00
00
00
00
00
00
00
00
00
00
00
00
00
00
00
00
00
00
00
00
00
00
00
00
00
00
00
00
00
00
00
00
00
00
00
00
00
00
00
00
00
00
00
00
00
00
00
00
00
00
00
00
00
00
00
00
00
00
00
00
00
00
00
00
97
93
17
13
17
13
97
93
17
13
63
83
23
13
93
e3
17
13
93
63
23
13
e3
ef
ef
6f
13
23
23
23
23
23
23
23
23
23
23
23
23
23
23
23
23
23
23
23
23
23
23
23
23
23
23
23
23
23
23
23
73
f3
13
63
ef
6f
ef
83
03
83
03
83
03
83
03
83
03
83
03
83
03
83
03
83
03
83
03
83
03
83
03
83
03
83
03
83
03
83
13
73
6f
6f
13
23
13
13
03
13
67
13
23
13
23
13
03
13
67
13
23
23
13
23
93
23
23
a3
23
23
23
23
83
93
b7
13
ef
83
b7
13
ef
b7
93
03
b7
93
83
b7
93
03
13
83
83
ef
93
13
ef
93
93
b7
13
ef
b7
93
b7
13
ef
23
13
93
13
93
13
ef
13
83
03
13
67
13
23
23
13
ef
b7
b7
13
ef
ef
b7
93
13
93
13
ef
b7
93
13
93
13
ef
b7
93
13
93
13
ef
6f
13
23
13
0f
13
03
13
67
13
23
13
23
23
83
03
83
b3
13
03
13
67
13
23
13
23
83
13
03
13
67
13
23
23
13
23
23
23
83
03
ef
13
83
23
13
83
03
13
67
13
23
23
13
23
23
83
03
ef
93
83
13
83
03
13
67
13
23
23
23
13
23
23
23
23
6f
83
93
03
b3
03
ef
13
83
93
b3
03
23
83
93
23
03
83
e3
13
13
83
03
83
13
67
13
23
23
13
23
23
23
23
6f
03
ef
13
83
93
b3
83
03
33
23
83
93
23
03
83
e3
13
13
83
03
13
67
13
23
23
13
23
23
23
6f
03
ef
13
83
93
b3
23
83
93
23
03
83
e3
13
13
83
03
13
67
13
23
23
13
b7
83
93
63
b7
6f
b7
23
23
6f
83
93
23
23
6f
83
13
83
b3
03
b3
23
03
ef
93
03
b7
83
33
b7
23
83
93
23
03
93
e3
83
93
23
03
93
e3
b7
83
13
b7
23
13
83
03
13
67
13
23
13
23
6f
13
83
93
23
03
93
e3
13
13
03
13
67
13
23
23
13
ef
ef
ef
ef
13
83
03
13
67
13
23
23
13
ef
ef
ef
ef
13
83
03
13
67
13
23
13
23
03
93
63
03
93
63
83
63
03
93
63
6f
b7
6f
b7
6f
b7
6f
b7
13
03
13
67
13
23
23
13
23
83
03
93
93
13
ef
03
83
23
03
83
23
03
83
23
03
83
23
13
83
03
13
67
13
23
23
13
23
23
83
03
23
83
23
b7
23
b7
23
03
ef
13
83
03
13
67
13
23
13
23
23
6f
b7
93
03
93
93
b3
93
b3
83
03
63
03
93
93
b3
93
37
13
b3
6f
83
93
23
03
93
e3
93
13
03
13
67
13
23
13
23
93
a3
83
93
63
b7
23
b7
93
23
b7
93
23
b7
93
23
6f
b7
23
b7
93
23
b7
93
23
b7
93
23
83
83
03
83
03
23
23
23
23
03
03
13
67
13
23
23
13
23
93
a3
83
93
13
83
23
03
ef
13
83
03
13
67
13
23
23
13
23
23
23
23
23
23
03
ef
23
83
03
23
83
03
23
83
03
23
03
ef
13
83
23
83
03
23
83
03
23
83
63
83
23
83
23
83
23
6f
83
03
83
23
83
03
83
23
83
03
13
67
13
23
23
13
23
83
03
83
83
93
13
ef
13
83
03
13
67
13
23
23
13
23
23
83
83
13
ef
23
83
03
83
23
83
93
03
03
23
83
93
03
03
23
83
93
03
03
23
83
93
03
03
23
83
93
03
03
23
83
93
03
03
23
83
93
03
03
23
03
ef
ef
13
93
03
ef
13
93
03
ef
83
83
13
93
03
ef
83
83
13
93
03
ef
13
93
03
ef
13
93
03
ef
93
13
83
03
13
67
13
23
23
13
23
23
6f
93
03
ef
23
83
93
63
93
6f
83
93
63
93
6f
83
13
23
e3
93
13
83
03
13
67
13
23
23
13
13
b7
93
37
ef
13
b7
93
37
ef
13
b7
93
37
ef
ef
13
83
03
13
67
13
23
23
13
23
23
03
ef
23
83
63
03
93
63
03
93
63
83
63
03
93
63
6f
83
83
13
ef
13
b7
93
23
6f
83
83
13
ef
13
b7
93
23
83
83
13
ef
93
93
37
13
23
83
83
13
ef
93
93
37
13
23
6f
83
03
83
83
13
93
13
ef
6f
83
03
83
83
93
13
ef
6f
13
83
03
13
67
13
23
23
13
23
23
23
83
83
23
03
83
63
83
23
ef
23
6f
83
83
13
ef
13
83
93
33
83
93
83
b3
03
23
83
93
23
03
83
e3
13
13
83
03
13
67
13
23
13
b7
93
73
b7
93
73
13
03
13
67
13
23
23
13
23
23
03
b7
93
63
03
b7
93
63
03
b7
93
63
03
b7
93
63
6f
97
e7
6f
97
e7
6f
97
e7
6f
13
13
83
03
13
67
13
23
13
23
23
6f
4d
4b
4d
4f
52
43
53
45
00
00
00
01
10
04
01
01
00
01
03
10
06
01
02
01
02
a1
02
08
01
03
02
03
00
00
00
00
01
02
03
04
0b
16
21
2c
37
42
65
66
67
68
69
6a
6b
6c
