00
00
00
00
00
00
00
00
00
00
00
00
00
00
00
00
00
00
00
00
00
00
00
00
00
00
00
00
00
00
00
00
00
00
00
00
00
00
00
00
00
00
00
00
00
00
00
00
00
00
00
00
00
00
00
00
00
00
00
00
00
00
00
00
00
00
00
00
00
00
00
00
00
00
00
00
00
00
00
00
00
00
00
00
00
00
00
00
00
00
00
00
00
00
00
00
00
00
00
00
00
00
00
00
00
00
00
00
00
00
00
00
00
00
00
00
00
00
00
00
00
00
00
00
00
00
00
00
00
00
00
00
00
00
00
00
00
00
00
00
00
00
00
00
00
00
00
00
00
00
00
00
00
00
00
00
00
00
00
00
00
00
00
00
00
00
00
00
00
00
00
00
00
00
00
00
00
00
00
00
00
00
00
00
00
00
00
00
00
00
00
00
00
00
00
00
00
00
00
00
00
00
00
00
00
00
00
00
00
00
00
00
00
00
00
00
00
00
00
00
00
00
00
00
00
00
00
00
00
00
00
00
00
00
00
00
00
00
00
00
00
00
00
00
00
00
00
00
00
00
00
00
00
00
00
00
00
00
00
00
00
00
00
00
00
00
00
00
00
00
00
00
00
00
00
00
00
00
00
00
00
00
00
00
00
00
00
00
00
00
00
00
00
00
00
00
00
00
00
00
00
00
00
00
00
00
00
00
00
00
00
00
00
00
00
00
00
00
00
00
00
00
00
00
00
00
00
00
00
00
00
00
00
00
00
00
00
00
00
00
00
00
00
00
00
00
00
00
00
00
00
00
00
00
00
00
00
00
00
00
00
00
00
00
00
00
00
00
00
00
00
00
00
00
00
00
00
00
00
00
00
00
00
00
00
00
00
00
00
00
00
00
00
00
00
00
00
00
00
00
00
00
00
00
00
00
00
00
00
00
00
00
00
00
00
00
00
00
00
00
00
00
00
00
00
00
00
00
00
00
00
00
00
00
00
00
00
00
00
00
00
00
00
00
00
00
00
00
00
00
00
00
00
00
00
00
00
00
00
00
00
00
00
00
00
00
00
00
00
00
00
00
00
00
00
00
00
00
00
00
00
00
00
00
00
00
00
00
00
00
00
00
00
00
00
00
00
00
00
00
00
00
00
00
00
00
00
00
00
00
00
00
01
81
71
01
15
05
f5
85
06
06
fc
22
a0
05
85
e8
05
05
85
78
20
05
6c
00
00
00
01
22
24
26
28
2a
2c
2e
20
22
24
26
28
2a
2c
2e
20
22
24
26
28
2a
2c
2e
20
22
24
26
28
2a
2c
2e
25
25
56
06
00
00
00
20
21
21
22
22
23
23
24
24
25
25
26
26
27
27
28
28
29
29
2a
2a
2b
2b
2c
2c
2d
2d
2e
2e
2f
2f
01
00
00
00
01
26
04
00
24
01
80
01
2e
04
26
00
24
01
80
01
2e
2c
04
26
87
22
20
05
2e
20
22
24
47
85
07
85
00
25
07
85
00
07
87
a6
07
87
a6
07
87
a7
05
27
25
00
07
85
f0
07
85
07
85
00
a7
85
07
85
00
26
07
07
06
05
85
00
00
20
24
01
80
01
26
24
04
f0
45
07
85
00
00
07
86
07
86
05
05
f0
07
86
06
05
05
f0
07
86
06
05
05
f0
00
01
26
04
00
00
24
01
80
01
2e
04
26
24
27
a7
27
07
85
24
01
80
01
2e
04
26
27
85
24
01
80
01
2e
2c
04
26
24
22
25
25
f0
07
27
20
00
20
24
01
80
01
2e
2c
04
26
24
25
25
f0
07
a7
85
20
24
01
80
01
26
24
22
04
2e
2c
2a
26
00
27
97
27
04
25
f0
07
27
97
07
a7
a0
27
87
26
27
27
6e
00
00
20
24
24
01
80
01
26
24
04
2e
2c
2a
26
00
25
f0
07
27
97
07
26
27
87
a0
27
87
26
27
27
62
00
00
20
24
01
80
01
26
24
04
2e
2c
26
00
25
f0
07
27
97
07
a0
27
87
26
27
27
68
00
00
20
24
01
80
01
26
24
04
07
a7
f7
86
27
00
07
22
26
00
27
97
20
24
00
27
97
27
07
27
07
2e
25
f0
07
a7
07
a7
47
07
a4
27
87
24
27
07
f6
27
87
26
27
07
f0
07
a7
c7
07
a6
00
20
24
01
80
01
2e
04
26
00
00
27
87
26
27
07
f4
00
00
24
01
80
01
26
24
04
f0
f0
f0
f0
00
20
24
01
80
01
26
24
04
f0
f0
f0
f0
00
20
24
01
80
01
2e
04
26
27
07
0c
27
07
ea
27
8a
27
07
08
00
07
00
27
00
47
00
87
85
24
01
80
01
26
24
04
2e
27
c7
07
05
85
00
27
27
a2
27
27
a4
27
27
a6
27
27
a8
00
20
24
01
80
01
2e
2c
04
26
24
27
27
a0
27
8a
07
a4
07
a6
25
f0
00
20
24
01
80
01
26
04
2e
26
00
07
86
27
07
97
87
97
87
a7
27
14
27
07
97
87
97
07
07
87
00
27
87
26
27
07
fe
07
85
24
01
80
01
26
04
2e
87
0d
47
f7
8a
17
20
17
87
22
17
87
24
27
87
26
00
07
20
07
87
22
07
87
24
17
87
26
27
25
26
26
27
a0
a2
a4
a6
25
24
01
80
01
2e
2c
04
26
87
05
47
f7
f7
27
8a
25
f0
00
20
24
01
80
01
2e
2c
04
2e
2c
2a
28
26
24
25
f0
26
27
27
a0
27
27
a2
27
27
a4
25
f0
07
27
a6
27
27
a8
27
27
ae
27
90
27
a6
27
aa
27
ac
00
27
a7
27
aa
27
a7
27
ac
20
24
01
80
01
2e
2c
04
26
27
a7
27
a7
85
05
f0
00
20
24
01
80
01
26
24
04
2e
2c
27
a7
85
f0
26
27
a7
27
a0
27
87
27
27
a0
27
87
27
27
a0
27
87
27
27
a0
27
87
27
27
a0
27
87
27
27
a0
27
87
27
27
a0
27
87
27
27
a0
25
f0
f0
06
05
25
f0
06
05
25
f0
27
a7
86
05
25
f0
27
a7
86
05
25
f0
06
05
25
f0
06
05
25
f0
07
85
20
24
01
80
01
26
24
04
2e
2c
00
05
25
f0
26
27
f7
86
07
00
27
f7
86
07
00
27
87
2c
9e
07
85
20
24
01
80
01
26
24
04
06
07
85
05
f0
06
07
85
25
f0
06
07
85
45
f0
f0
00
20
24
01
80
01
26
24
04
2e
2c
25
f0
26
27
84
27
07
0c
27
07
e8
27
8a
27
07
06
00
27
a7
85
f0
07
07
87
20
00
27
a7
85
f0
07
07
87
20
27
a7
85
f0
07
87
07
07
a0
27
a7
85
f0
07
87
07
07
a0
00
27
a7
27
a7
06
85
05
f0
00
27
a7
27
a7
85
05
f0
00
00
20
24
01
80
01
26
24
04
2e
2c
2a
27
a7
26
27
27
f6
27
26
f0
24
00
27
a7
85
f0
07
27
97
07
27
97
26
87
27
a0
27
87
24
27
27
6a
00
00
20
24
01
80
01
26
04
17
87
90
27
87
90
00
24
01
80
01
2e
2c
04
26
24
27
07
87
08
27
07
87
e6
27
07
87
0c
27
07
87
0a
00
00
00
00
00
00
00
00
00
00
00
00
20
24
01
80
01
2e
04
26
24
00
4c
45
4c
54
00
4c
49
52
00
00
00
00
00
00
00
00
00
00
00
00
00
00
00
00
00
00
00
00
00
00
00
00
00
00
00
00
01
00
00
02
00
00
03
00
00
04
00
00
05
00
00
06
00
00
07
00
00
08
00
00
09
00
00
0a
00
00
0b
00
00
0c
00
00
0d
00
00
0e
00
00
0f
00
00
10
00
00
00
00
00
00
00
00
00
00
00
00
00
00
00
00
