00
00
00
00
00
00
00
00
00
00
00
00
00
00
00
00
00
00
00
00
00
00
00
00
00
00
00
00
00
00
00
00
00
00
00
00
00
00
00
00
00
00
00
00
00
00
00
00
00
00
00
00
00
00
00
00
00
00
00
00
00
00
00
00
00
00
00
00
00
00
00
00
00
00
00
00
00
00
00
00
00
00
00
00
00
00
00
00
00
00
00
00
00
00
00
00
00
00
00
00
00
00
00
00
00
00
00
00
00
00
00
00
00
00
00
00
00
00
00
00
00
00
00
00
00
00
00
00
00
00
00
00
00
00
00
00
00
00
00
00
00
00
00
00
00
00
00
00
00
00
00
00
00
00
00
00
00
00
00
00
00
00
00
00
00
00
00
00
00
00
00
00
00
00
00
00
00
00
00
00
00
00
00
00
00
00
00
00
00
00
00
00
00
00
00
00
00
00
00
00
00
00
00
00
00
00
00
00
00
00
00
00
00
00
00
00
00
00
00
00
00
00
00
00
00
00
00
00
00
00
00
00
00
00
00
00
00
00
00
00
00
00
00
00
00
00
00
00
00
00
00
00
00
00
00
00
00
00
00
00
00
00
00
00
00
00
00
00
00
00
00
00
00
00
00
00
00
00
00
00
00
00
00
00
00
00
00
00
00
00
00
00
00
00
00
00
00
00
00
00
00
00
00
00
00
00
00
00
00
00
00
00
00
00
00
00
00
00
00
00
00
00
00
00
00
00
00
00
00
00
00
00
00
00
00
00
00
00
00
00
00
00
00
00
00
00
00
00
00
00
00
00
00
00
00
00
00
00
00
00
00
00
00
00
00
00
00
00
00
00
00
00
00
00
00
00
00
00
00
00
00
00
00
00
00
00
00
00
00
00
00
00
00
00
00
00
00
00
00
00
00
00
00
00
00
00
00
00
00
00
00
00
00
00
00
00
00
00
00
00
00
00
00
00
00
00
00
00
00
00
00
00
00
00
00
00
00
00
00
00
00
00
00
00
00
00
00
00
00
00
00
00
00
00
00
00
00
00
00
00
00
00
00
00
00
00
00
00
00
00
00
00
00
00
00
00
00
00
00
00
00
00
00
00
00
00
00
00
00
00
00
00
00
00
00
00
00
00
00
00
00
00
00
00
00
00
00
00
00
00
00
00
00
81
00
81
00
05
ff
85
00
86
c5
05
55
45
45
c5
00
85
01
b5
05
45
b5
10
c0
00
01
11
21
31
41
51
61
71
81
91
a1
b1
c1
d1
e1
f1
01
11
21
31
41
51
61
71
81
91
a1
b1
c1
d1
e1
f1
20
10
f5
06
90
80
90
41
81
c1
01
41
81
c1
01
41
81
c1
01
41
81
c1
01
41
81
c1
01
41
81
c1
01
41
81
c1
01
41
81
c1
01
20
00
00
01
81
01
00
c1
01
00
01
81
01
a4
00
c1
01
00
01
11
81
01
a4
05
c4
d4
f4
04
04
04
04
b4
07
00
07
40
c4
00
07
90
00
07
87
00
07
c7
00
07
07
c4
44
c4
c0
c4
07
df
c4
07
00
07
90
07
07
00
07
10
a4
c4
c4
40
07
07
90
00
c1
81
01
00
01
11
81
01
5f
00
00
07
80
50
00
07
10
00
00
5f
00
87
30
10
10
df
00
47
40
00
20
5f
00
01
81
01
30
00
c1
01
00
01
81
01
a4
b4
c4
07
84
f7
07
c1
01
00
01
81
01
a4
c4
07
c1
01
00
01
11
81
01
a4
b4
c4
84
c4
5f
05
44
f7
00
c1
81
01
00
01
11
81
01
a4
b4
84
c4
1f
05
07
07
c1
81
01
00
01
11
81
91
01
a4
b4
c4
04
00
c4
27
84
f7
c4
9f
05
c4
27
f7
04
e7
c4
17
f4
c4
44
f7
00
00
c1
81
41
01
00
01
11
81
01
a4
b4
c4
04
80
c4
1f
05
c4
27
f7
44
c4
e6
e7
c4
17
f4
c4
84
f7
00
00
c1
81
01
00
01
11
81
01
a4
b4
04
c0
c4
9f
05
c4
27
f7
07
c4
17
f4
c4
84
f7
00
00
c1
81
01
00
01
11
81
01
00
c7
17
07
70
80
70
f4
04
c0
c4
47
f4
04
00
84
b7
44
f7
04
f7
f4
c4
5f
05
07
00
87
f7
00
e7
84
17
f4
84
20
e7
c4
17
f4
c4
f0
e7
00
c7
17
00
e7
00
c1
81
01
00
01
11
81
01
9f
9f
1f
00
c1
81
01
00
01
11
81
01
9f
9f
1f
00
c1
81
01
00
01
81
01
a4
c4
20
f7
c4
20
e7
c4
07
c4
10
f7
c0
00
80
00
00
00
80
00
07
c1
01
00
01
11
81
01
a4
c4
47
04
07
07
40
04
c4
e7
44
c4
e7
84
c4
e7
c4
c4
e7
00
c1
81
01
00
01
11
81
01
a4
b4
c4
84
e7
c4
07
00
07
00
07
c4
1f
00
c1
81
01
00
01
81
01
a4
04
00
00
07
c4
07
37
e7
27
f6
07
c4
f7
c4
07
37
e7
27
00
07
e7
00
c4
17
f4
c4
30
e7
00
07
c1
01
00
01
81
01
a4
05
f4
b4
17
07
01
f4
01
07
f4
01
07
f4
01
07
f4
00
01
f4
01
07
f4
01
07
f4
01
07
f4
c4
04
44
84
c4
b7
c7
d7
e7
c4
c1
01
00
01
11
81
01
a4
05
f4
b4
17
f7
c4
e7
c4
df
00
c1
81
01
00
01
11
81
01
a4
b4
c4
d4
e4
f4
84
1f
a4
c4
84
e7
c4
44
e7
c4
04
e7
84
df
05
c4
e7
c4
c4
e7
c4
84
e7
c4
07
c4
07
c4
07
c4
07
40
c4
c7
c4
e7
c4
07
c4
e7
c1
81
01
00
01
11
81
01
a4
c4
87
c4
87
07
07
5f
00
c1
81
01
00
01
11
81
01
a4
b4
c4
47
07
5f
a4
84
07
c4
e7
c4
47
84
47
e7
c4
87
84
87
e7
c4
c7
84
c7
e7
c4
07
84
07
e7
c4
47
84
47
e7
c4
87
84
87
e7
c4
c7
84
c7
e7
84
1f
df
20
00
c4
cf
00
80
c4
cf
84
07
07
c0
c4
4f
c4
47
07
00
c4
cf
00
40
c4
cf
10
00
c4
cf
00
07
c1
81
01
00
01
11
81
01
a4
b4
c0
40
c4
4f
a4
c4
47
07
f0
c0
c4
27
07
00
80
84
f7
e4
07
e0
07
c1
81
01
00
01
11
81
01
40
00
07
00
cf
60
00
07
00
8f
80
00
87
00
4f
9f
00
c1
81
01
00
01
11
81
01
a4
b4
84
9f
a4
c4
07
84
20
f7
84
20
e7
84
07
84
10
f7
80
c4
87
07
4f
05
10
07
f7
80
c4
87
07
0f
05
01
27
f7
c4
87
07
0f
05
47
03
47
e7
c4
87
07
cf
05
87
05
67
e7
c0
c4
87
c4
c7
00
07
07
cf
80
c4
87
c4
c7
07
07
8f
80
00
c1
81
01
00
01
11
81
01
a4
b4
c4
c4
87
f4
c4
44
e7
44
f4
1f
04
80
c4
87
07
4f
05
84
27
f7
84
27
84
f6
07
e7
84
17
f4
84
c4
f7
00
00
c1
81
01
00
01
81
01
00
87
57
00
87
07
00
c1
01
00
01
11
81
01
a4
b4
c4
00
b7
f7
c4
00
b7
e7
c4
00
37
f7
c4
00
77
f7
80
00
00
00
00
00
40
00
00
80
00
00
c1
81
01
00
01
81
01
a4
b4
00
50
59
50
48
00
41
46
00
00
00
00
00
00
00
00
00
00
00
00
00
00
00
00
00
00
00
00
00
00
00
00
00
00
00
00
00
00
00
00
00
00
00
00
00
00
00
00
00
00
00
00
00
00
00
